10187562085231 
20187562177058 
40187562177421 
70187562180474 
80187562181713 
50187562184473 
10187562184857 
30187562198723 
20187562208349 
170187562208709 
180187562234394 
40187562277088 
60187562278552 
70187562282850 
80187562283946 
50187562287673 
90187562362316 
100187562376158 
40187562376411 
80187562379044 
50187562383101 
90187562383326 
100187562391391 
40187562476245 
60187562477180 
50187562481204 
150187562507344 
160187562512635 
40187562576109 
50187562579232 
10187562582085 
20187562676908 
40187562677301 
60187562678586 
50187562683106 
10187562683468 
30187562701604 
20187562711226 
40187562776278 
70187562782209 
50187562784634 
90187562862230 
100187562873057 
40187562877595 
60187562878891 
80187562882804 
50187562885148 
40187562976195 
50187562979557 
150187563007452 
160187563012915 
110187563013295 
120187563022296 
40187563076231 
60187563077197 
50187563084199 
10187563084574 
20187563177081 
40187563177461 
50187563181889 
10187563182274 
30187563194980 
20187563204819 
170187563205165 
180187563231161 
190187563231463 
200187563276413 
40187563276768 
60187563278299 
70187563284419 
50187563287123 
190187563287520 
200187563350416 
90187563362695 
100187563377238 
40187563377507 
80187563380117 
50187563382464 
90187563382693 
100187563385710 
40187563476196 
60187563477176 
50187563481283 
150187563507388 
160187563514350 
40187563576199 
50187563580794 
10187563582583 
20187563677034 
40187563677428 
60187563678708 
50187563683273 
10187563683654 
30187563698887 
20187563708499 
40187563776293 
70187563779510 
50187563783602 
90187563862225 
100187563873047 
40187563876911 
60187563878232 
80187563882140 
50187563884473 
40187563976183 
50187563979520 
150187564007450 
160187564012652 
110187564013031 
120187564024127 
40187564076198 
60187564077202 
50187564084431 
10187564084815 
20187564177107 
40187564177470 
50187564181883 
10187564182262 
30187564194984 
20187564204822 
170187564205173 
180187564230727 
40187564276304 
60187564277776 
70187564283680 
50187564286219 
90187564362349 
100187564376216 
40187564376480 
80187564381155 
50187564383412 
90187564383646 
100187564384351 
40187564476130 
60187564477040 
50187564481068 
