10010176909264 
20010177004154 
40010177004488 
60010177007494 
70010177011118 
50010177013707 
10010177014056 
30010177033457 
20010177043081 
40010177103426 
80010177106616 
50010177108873 
90010177189315 
100010177203506 
40010177203768 
60010177207320 
50010177211708 
90010177211935 
100010177212700 
40010177303347 
50010177306661 
150010177334657 
160010177341787 
110010177342160 
120010177352529 
40010177403301 
60010177404341 
50010177409940 
10010177410282 
20010177504173 
40010177504517 
70010177510098 
50010177512633 
10010177512983 
30010177537439 
20010177547087 
170010177547376 
180010177575517 
190010177575790 
200010177603529 
40010177603853 
60010177605370 
80010177609716 
50010177614245 
190010177614654 
200010177689961 
90010177690351 
100010177703678 
40010177703946 
50010177707305 
90010177707505 
100010177708625 
190010177708997 
200010177717942 
40010177803450 
60010177804653 
50010177810625 
150010177834467 
160010177839867 
40010177903186 
50010177906204 
10010177909347 
20010178004099 
40010178004435 
60010178007435 
70010178011089 
50010178013673 
10010178014021 
30010178031737 
20010178041381 
40010178103524 
80010178108325 
50010178110565 
90010178189318 
100010178200859 
40010178203515 
60010178204802 
50010178211489 
40010178303383 
50010178308232 
150010178334651 
160010178339981 
110010178340323 
120010178371109 
40010178403359 
60010178404457 
50010178410047 
10010178410398 
20010178503852 
40010178504216 
70010178507768 
50010178510252 
10010178510605 
30010178532549 
20010178545531 
170010178545824 
180010178571407 
40010178603448 
60010178604893 
80010178609172 
50010178611467 
90010178689410 
100010178699621 
40010178703546 
50010178706575 
40010178803212 
60010178804159 
50010178807939 
150010178834409 
160010178839795 
40010178903182 
50010178906249 
10010178909265 
20010179003850 
40010179004194 
60010179005495 
70010179009195 
50010179013460 
10010179013800 
30010179031096 
20010179040692 
40010179103436 
80010179106611 
50010179110505 
90010179189302 
100010179201108 
40010179203535 
60010179204819 
50010179209129 
40010179303330 
50010179306750 
150010179334616 
160010179340302 
110010179340646 
120010179352845 
40010179403269 
60010179404289 
50010179410118 
10010179410453 
20010179504020 
40010179504378 
70010179509948 
50010179512537 
10010179512887 
30010179533904 
20010179543610 
170010179543923 
180010179576465 
190010179576732 
200010179603571 
40010179603899 
60010179605416 
80010179609822 
50010179612554 
190010179612909 
200010179690168 
90010179690527 
100010179703457 
40010179703720 
50010179706988 
190010179707378 
200010179708424 
210010179708634 
220010179720615 
40010179803406 
60010179804544 
50010179808893 
150010179834455 
160010179839755 
40010179903200 
50010179906314 
10010179909306 
20010180003775 
40010180004112 
60010180005394 
70010180009114 
50010180013372 
10010180013720 
30010180032086 
20010180041708 
40010180103409 
80010180106593 
50010180108873 
90010180189301 
100010180203442 
40010180203690 
60010180205041 
50010180209331 
90010180209546 
100010180210653 
40010180303406 
50010180306838 
150010180334631 
160010180341636 
110010180342001 
120010180354239 
40010180403293 
60010180405706 
50010180411021 
10010180411362 
20010180504065 
40010180504395 
70010180507838 
50010180512438 
10010180512789 
30010180536829 
20010180549205 
170010180549522 
180010180574922 
40010180603394 
60010180606501 
80010180610718 
50010180613027 
90010180689405 
100010180699624 
40010180703514 
50010180706535 
40010180803465 
60010180804404 
50010180808201 
150010180834450 
160010180839770 
40010180903172 
50010180906260 
10010180909269 
20010181004132 
40010181004459 
60010181005733 
70010181009401 
50010181013645 
10010181013985 
30010181030603 
20010181040201 
40010181103427 
80010181106629 
50010181108892 
90010181189292 
100010181203729 
40010181203990 
60010181205324 
50010181211514 
