10010176909264 
20010177004154 
40010177004488 
60010177007494 
70010177011118 
50010177013707 
10010177014056 
30010177033457 
20010177043081 
40010177103426 
80010177106616 
50010177108873 
90010177189315 
100010177203506 
40010177203768 
60010177207320 
50010177211708 
90010177211935 
100010177212700 
40010177303347 
50010177306661 
150010177334657 
160010177341787 
110010177342160 
120010177352529 
40010177403301 
60010177404341 
50010177409940 
10010177410282 
20010177504173 
40010177504517 
70010177510098 
50010177512633 
10010177512983 
30010177537439 
20010177547087 
170010177547376 
180010177575517 
190010177575790 
200010177603529 
40010177603853 
60010177605370 
80010177609716 
50010177614245 
190010177614654 
200010177689961 
90010177690351 
100010177703678 
40010177703946 
50010177707305 
90010177707505 
100010177708625 
190010177708997 
200010177717942 
40010177803450 
60010177804653 
50010177810625 
150010177834467 
160010177839867 
40010177903186 
50010177906204 
10010177909347 
20010178004099 
40010178004435 
60010178007435 
70010178011089 
50010178013673 
10010178014021 
30010178031737 
20010178041381 
40010178103524 
80010178108325 
50010178110565 
90010178189318 
100010178200859 
40010178203515 
60010178204802 
50010178211489 
40010178303383 
50010178308232 
150010178334651 
160010178339981 
110010178340323 
120010178371109 
40010178403359 
60010178404457 
50010178410047 
10010178410398 
20010178503852 
40010178504216 
70010178507768 
50010178510252 
10010178510605 
30010178532549 
20010178545531 
170010178545824 
180010178571407 
40010178603448 
60010178604893 
80010178609172 
50010178611467 
90010178689410 
100010178699621 
40010178703546 
50010178706575 
40010178803212 
60010178804159 
50010178807939 
150010178834409 
160010178839795 
40010178903182 
50010178906249 
10010178909265 
20010179003850 
40010179004194 
60010179005495 
70010179009195 
50010179013460 
10010179013800 
30010179031096 
20010179040692 
40010179103436 
80010179106611 
50010179110505 
90010179189302 
100010179201108 
