10008925410293 
20008925503949 
40008925504303 
50008925508404 
10008925508766 
30008925536200 
20008925547789 
170008925548088 
180008925573924 
190008925574195 
200008925603546 
40008925603857 
60008925605305 
50008925610441 
190008925610839 
200008925677040 
90008925689523 
100008925700381 
40008925703544 
80008925706249 
50008925708471 
40008925803235 
60008925804249 
70008925807733 
50008925809980 
150008925834552 
160008925841282 
40008925903300 
50008925907820 
10008925909627 
20008926004086 
40008926004433 
60008926005721 
50008926012155 
10008926012525 
30008926039484 
20008926049157 
40008926103428 
50008926107156 
90008926189262 
100008926201144 
40008926203477 
60008926204739 
80008926208464 
50008926210658 
40008926303407 
70008926307668 
50008926309831 
150008926334637 
160008926341368 
110008926341724 
120008926355500 
40008926403273 
60008926404295 
50008926409728 
10008926410067 
20008926503956 
40008926504297 
50008926510150 
10008926510520 
30008926536136 
20008926547754 
170008926548055 
180008926573647 
40008926603348 
60008926604777 
50008926609611 
90008926689318 
100008926699665 
40008926703484 
80008926706072 
50008926708126 
40008926803232 
60008926804185 
70008926807613 
50008926809869 
150008926834569 
160008926841316 
40008926903308 
50008926906521 
10008926909277 
20008927004268 
40008927004613 
60008927008179 
50008927012550 
10008927012916 
30008927033803 
20008927045840 
40008927103416 
50008927107169 
90008927189275 
100008927203547 
40008927203799 
60008927206649 
80008927210384 
50008927212606 
90008927212831 
100008927219152 
40008927304961 
70008927307763 
50008927310002 
150008927334627 
160008927341691 
110008927342049 
120008927355906 
40008927403394 
60008927404354 
50008927410180 
10008927410514 
20008927503766 
40008927504109 
50008927508200 
10008927508565 
30008927534662 
20008927546878 
170008927547177 
180008927576764 
190008927577036 
200008927603512 
40008927603822 
60008927605295 
50008927610516 
190008927610881 
200008927680108 
210008927680434 
220008927689924 
90008927690241 
100008927703767 
40008927704027 
80008927706754 
50008927708972 
210008927709369 
220008927721509 
40008927803393 
60008927804610 
70008927808245 
50008927810622 
150008927834559 
160008927841231 
40008927903297 
50008927907825 
10008927909711 
20008928003858 
40008928004196 
60008928005520 
50008928011611 
10008928011975 
30008928039432 
20008928049091 
40008928103426 
50008928107198 
90008928189263 
100008928204046 
40008928204312 
60008928205680 
80008928211126 
50008928213416 
90008928213638 
100008928215557 
40008928303380 
70008928306235 
50008928309921 
150008928334676 
160008928341349 
110008928341725 
120008928370646 
40008928403297 
60008928404308 
50008928411830 
10008928412178 
20008928504026 
40008928504352 
50008928510044 
10008928510406 
30008928538331 
20008928550617 
170008928550949 
180008928576442 
40008928603389 
60008928604845 
50008928609684 
